1744521411701 1.0 0
1744521413742 1.0 0
1744521415466 1.0 0
1744521417272 1.0 0
1744521419155 1.0 0
1744521421204 1.0 0
1744521423057 1.0 0
1744521425025 1.0 0
1744521426936 1.0 0
1744521428936 1.0 0
1744521430586 1.0 0
1744521432404 1.0 0
1744521434195 1.0 0
1744521437413 1.0 0
1744521440656 1.0 0
1744521442191 1.0 0
1744521444096 1.0 0
1744521445982 1.0 0
1744521448314 1.0 0
1744521450734 1.0 0
1744521454847 1.0 0
1744521456865 1.0 0
1744521458773 1.0 0
1744521460533 1.0 0
1744521462411 1.0 0
1744521464177 1.0 0
1744521466013 1.0 0
1744521468163 1.0 0
1744521470753 1.0 0
1744521473017 1.0 0
1744521475280 1.0 0
1744521478130 1.0 0
1744521480275 1.0 0
1744521482756 1.0 0
1744521485019 1.0 0
1744521486936 1.0 0
1744521488746 1.0 0
1744521490895 1.0 0
1744521492952 1.0 0
1744521496692 1.0 0
1744521498668 1.0 0
1744521500640 1.0 0
1744521502655 1.0 0
1744521505162 1.0 0
1744521506979 1.0 0
1744521508757 1.0 0
1744521510668 1.0 0
1744521514193 1.0 0
1744521516184 1.0 0
1744521517929 1.0 0
1744521519811 1.0 0
1744521521593 1.0 0
1744521523349 1.0 0
1744521525141 1.0 0
1744521527183 1.0 0
1744521529145 1.0 0
1744521531029 1.0 0
1744521532998 1.0 0
1744521535016 1.0 0
1744521537039 1.0 0
1744521539218 1.0 0
1744521541058 1.0 0
1744521542873 1.0 0
1744521544892 1.0 0
1744521549707 1.0 0
1744521553164 1.0 0
1744521555575 1.0 0
1744521557931 1.0 0
1744521559727 1.0 0
1744521561744 1.0 0
1744521563604 1.0 0
1744521567321 1.0 0
1744521569282 1.0 0
1744521571860 1.0 0
1744521574123 1.0 0
1744521575906 1.0 0
1744521580597 1.0 0
1744521584596 1.0 0
1744521588862 1.0 0
1744521594630 1.0 0
1744521596670 1.0 0
1744521599342 1.0 0
1744521601727 1.0 0
1744521604384 1.0 0
1744521606386 1.0 0
1744521608871 1.0 0
1744521610664 1.0 0
1744521612737 1.0 0
1744521615417 1.0 0
1744521617825 1.0 0
1744521620691 1.0 0
1744521622888 1.0 0
1744521625765 1.0 0
1744521627747 1.0 0
1744521630430 1.0 0
1744521632902 1.0 0
1744521635108 1.0 0
1744521637299 1.0 0
1744521639817 1.0 0
1744521642191 1.0 0
1744521644359 1.0 0
1744521647303 1.0 0
1744521649618 1.0 0
1744521651737 1.0 0
1744521653713 1.0 0
1744521656292 1.0 0
1744521658103 1.0 0
1744521660580 1.0 0
1744521662784 1.0 0
1744521665535 1.0 0
1744521667925 1.0 0
1744521672456 1.0 0
1744521675107 1.0 0
1744521677706 1.0 0
1744521680101 1.0 0
1744521682399 1.0 0
1744521684365 1.0 0
1744521686437 1.0 0
1744521688568 1.0 0
1744521690781 1.0 0
1744521692679 1.0 0
1744521695332 1.0 0
1744521697403 1.0 0
1744521699186 1.0 0
1744521700962 1.0 0
1744521703070 1.0 0
1744521704925 1.0 0
1744521707388 1.0 0
1744521709556 1.0 0
1744521711733 1.0 0
1744521713865 1.0 0
1744521715841 1.0 0
1744521717597 1.0 0
1744521719604 1.0 0
1744521721590 1.0 0
1744521723655 1.0 0
1744521725529 1.0 0
1744521727690 1.0 0
1744521730129 1.0 0
1744521732290 1.0 0
1744521734402 1.0 0
1744521736393 1.0 0
1744521738851 1.0 0
1744521740678 1.0 0
1744521744887 1.0 0
1744521747125 1.0 0
1744521749016 1.0 0
1744521751375 1.0 0
1744521753693 1.0 0
1744521755739 1.0 0
1744521758208 1.0 0
1744521760255 1.0 0
1744521764760 1.0 0
1744521766868 1.0 0
1744521768731 1.0 0
1744521770897 1.0 0
1744521773156 1.0 0
1744521774966 1.0 0
1744521781277 1.0 0
1744521787638 1.0 0
1744521789959 1.0 0
1744521791880 1.0 0
1744521798232 1.0 0
1744521800099 1.0 0
1744521802430 1.0 0
1744521806739 1.0 0
1744521808747 1.0 0
1744521810928 1.0 0
1744521813641 1.0 0
1744521815743 1.0 0
1744521817551 1.0 0
1744521819691 1.0 0
1744521824061 1.0 0
1744521827275 1.0 0
1744521829108 1.0 0
1744521830797 1.0 0
1744521832501 1.0 0
1744521834054 1.0 0
1744521835738 1.0 0
1744521837188 1.0 0
1744521838817 1.0 0
1744521840577 1.0 0
1744521842350 1.0 0
1744521845416 1.0 0
1744521847259 1.0 0
1744521849169 1.0 0
1744521850750 1.0 0
1744521852361 1.0 0
1744521853994 1.0 0
1744521855786 1.0 0
1744521857625 1.0 0
1744521859693 1.0 0
1744521861702 1.0 0
1744521864295 1.0 0
1744521866827 1.0 0
1744521868654 1.0 0
1744521870657 1.0 0
1744521872704 1.0 0
1744521874760 1.0 0
1744521878283 1.0 0
1744521880113 1.0 0
1744521881870 1.0 0
1744521883773 1.0 0
1744521885372 1.0 0
1744521886982 1.0 0
1744521888760 1.0 0
1744521890664 1.0 0
1744521892294 1.0 0
